0
0
0
0
0
0
0
0
0
0
0
0
0
0
0
0
0
0
0
0
0
0
0
0
0
0
0
0
0
0
0
0
0
0
0
0
0
0
0
0
0
0
0
0
0
0
0
0
0
0
0
0
0
0
0
0
0
0
0
0
0
0
0
0
0
0
0
0
0
0
0
0
0
0
0
0
0
0
0
0
0
0
0
0
0
0
0
0
0
0
0
0
0
0
0
0
0
0
0
0
0
0
0
0
0
0
0
0
0
0
0
0
0
0
0
0
0
0
0
0
0
0
0
0
0
0
0
0
0
0
0
0
0
0
0
0
0
0
0
0
0
0
0
0
0
0
0
0
0
0
0
0
0
0
0
0
0
0
0
0
0
0
0
0
0
0
0
0
0
0
0
0
0
0
0
0
0
0
0
0
0
0
0
0
0
0
0
0
0
0
0
0
0
0
0
0
0
0
0
0
0
0
0
0
0
0
0
0
0
0
0
0
0
0
0
0
0
0
0
0
0
0
0
0
0
0
0
0
0
0
0
0
0
0
0
0
0
0
0
0
0
0
0
0
0
0
0
0
0
0
0
0
0
0
0
0
0
0
0
0
0
0
0
0
0
0
0
0
0
0
0
0
0
0
0
0
0
0
0
0
0
0
0
0
0
0
0
0
0
0
0
0
0
0
0
0
0
0
0
0
0
0
0
0
0
0
3
13
23
35
43
57
66
77
75
100
155
163
166
157
169
125
127
141
143
116
119
121
152
167
152
163
148
130
140
136
127
95
86
54
29
18
8
0
0
0
0
0
0
0
0
0
0
0
0
0
2
2
3
28
70
111
95
117
88
82
81
83
194
355
309
264
254
249
283
244
260
228
224
231
215
243
282
520
39
29
17
14
14
24
28
32
0
0
0
0
0
0
0
0
0
0
0
0
0
0
0
0
0
0
0
0
0
1872
1872
0
0
0
0
1872
1872
0
0
0
0
0
0
0
0
0
0
0
0
0
0
0
0
0
0
0
0
0
0
0
0
0
0
0
0
0
0
0
0
0
0
0
0
0
0
0
0
0
0
0
0
0
0
0
0
0
0
0
0
0
0
0
0
0
0
0
0
0
0
0
0
0
0
0
0
0
0
0
0
0
0
0
0
0
0
0
0
0
0
0
0
0
0
0
0
0
0
0
0
0
0
0
0
0
0
0
0
0
0
0
0
0
0
0
0
0
0
0
0
0
0
0
0
0
0
0
0
0
0
0
1
6
24
53
83
101
110
103
128
136
125
169
177
169
170
127
126
132
174
200
210
271
171
173
209
183
138
135
141
136
134
173
189
164
182
213
174
158
220
214
139
136
126
160
164
149
182
135
136
139
166
140
145
140
166
216
189
132
132
134
132
131
147
152
138
180
205
210
235
211
184
157
104
31
12
0
0
0
0
0
0
0
0
0
0
0
0
0
0
0
0
0
0
0
0
0
0
0
0
0
0
0
0
0
0
0
0
0
0
0
0
0
0
0
0
0
0
0
0
0
0
0
0
0
0
0
0
0
0
0
0
0
0
0
0
0
0
0
0
0
0
0
0
0
0
0
0
0
0
0
0
0
0
0
0
0
0
0
0
0
0
0
0
0
0
0
0
0
0
3
14
38
46
59
74
97
96
118
124
140
128
119
120
130
138
124
127
129
146
153
127
154
171
169
138
105
95
116
138
169
153
158
110
90
67
75
92
110
115
108
99
85
68
67
48
26
15
11
6
0
0
0
0
0
0
0
0
0
0
0
0
0
0
0
0
0
0
0
0
0
0
0
0
0
0
0
0
0
0
0
0
0
0
0
0
0
0
0
0
0
0
0
0
0
0
0
0
0
0
0
0
10
49
105
113
157
219
174
209
194
276
298
257
221
228
269
273
214
171
168
216
230
234
190
176
178
178
219
277
193
123
67
23
2
0
0
0
0
0
0
0
0
0
0
0
0
0
0
0
0
0
0
0
0
0
0
0
0
0
1
6
12
20
42
61
45
54
41
50
57
52
39
43
53
62
57
38
38
46
45
47
45
40
40
37
56
86
34
23
11
3
0
0
0
0
0
0
0
0
0
0
0
0
0
0
0
0
0
0
0
0
0
0
0
0
0
0
0
0
0
0
0
0
0
0
0
0
0
0
0
0
0
0
0
0
0
0
0
0
0
0
0
0
0
0
0
0
0
0
0
0
0
0
0
0
0
0
0
0
0
0
0
0
0
0
0
0
0
0
0
0
0
0
0
0
0
4
38
78
160
202
270
262
221
203
221
288
318
289
289
277
275
270
272
268
267
302
305
299
270
249
208
202
199
222
230
217
218
245
284
225
128
48
5
0
0
0
0
0
0
0
0
0
0
0
0
0
0
0
0
0
0
0
0
0
0
0
0
0
0
9
36
76
125
171
223
245
215
216
210
253
295
291
242
221
285
330
282
234
289
270
279
284
247
192
192
223
228
237
212
192
211
240
278
165
129
50
7
0
0
0
0
0
0
0
0
0
0
0
0
0
0
0
0
0
0
0
0
0
0
0
0
0
0
7
36
78
145
202
257
264
193
183
195
218
287
309
296
248
244
283
280
296
308
280
267
247
247
243
219
209
206
214
205
209
220
236
251
223
140
49
8
0
0
0
0
0
0
0
0
0
0
0
0
0
0
0
0
0
0
0
0
0
0
0
0
0
0
6
38
74
112
139
175
238
214
204
215
260
281
300
254
218
252
262
259
244
281
260
237
228
246
254
254
219
209
205
190
215
255
342
246
196
100
39
8
0
0
0
0
0
0
0
0
0
0
0
0
0
0
0
0
0
0
0
0
0
0
0
0
0
0
7
40
81
129
178
210
248
232
224
200
205
245
293
286
303
294
269
259
266
281
242
219
221
231
219
224
216
212
215
201
209
237
278
303
242
164
44
6
0
0
0
0
0
0
0
0
0
0
0
0
0
0
0
0
0
0
0
0
0
0
0
0
0
6
26
59
87
121
149
180
150
144
157
162
208
194
183
167
165
180
183
168
193
177
202
200
167
129
129
152
168
187
144
141
163
191
207
162
119
39
7
3
0
0
0
0
0
0
0
0
0
0
0
0
0
0
0
0
0
0
0
0
0
0
0
0
0
0
15
48
139
188
242
336
309
238
338
340
368
277
287
243
245
269
412
367
355
266
313
278
260
335
345
306
241
242
242
262
346
434
206
148
90
16
0
0
0
0
0
0
0
0
0
0
0
0
0
0
0
0
0
0
0
0
0
0
0
0
0
0
0
0
2
1
2
15
74
145
141
106
100
106
101
104
105
96
184
172
153
149
145
145
148
141
140
139
134
138
136
130
144
149
224
333
26
17
11
9
9
8
8
15
17
0
0
0
0
0
0
0
0
0
0
0
0
0
0
0
0
0
0
0
0
0
0
0
0
0
0
0
0
0
0
0
0
0
0
0
0
0
0
0
0
0
0
0
0
0
0
0
0
0
0
0
0
0
0
0
0
0
0
0
0
0
0
0
0
0
0
0
0
0
0
0
0
0
0
0
0
0
0
0
0
0
0
0
0
0
0
0
0
0
0
0
0
0
0
0
0
0
0
0
0
0
0
0
0
0
0
0
0
0
0
0
0
0
0
0
0
0
0
0
0
0
0
0
0
0
0
0
0
0
0
0
0
0
0
0
0
0
0
0
0
0
0
0
0
0
0
0
0
0
0
0
0
0
0
20
99
92
96
90
93
86
79
62
62
65
200
633
620
584
555
529
506
513
501
493
501
517
498
497
498
497
479
479
473
487
484
522
573
630
665
117
34
35
23
22
23
21
25
28
42
37
0
0
0
0
0
0
0
0
0
0
0
0
0
0
0
0
0
0
0
0
0
0
0
0
0
0
0
0
0
0
0
0
0
0
0
0
0
0
0
0
0
0
0
0
0
0
0
0
0
0
0
0
0
0
0
0
0
0
0
0
0
0
0
0
0
0
0
0
0
0
0
0
0
0
0
0
0
0
0
0
0
0
0
0
0
0
0
9
13
10
26
49
230
145
107
101
99
89
82
88
105
232
212
191
216
180
166
192
180
156
155
157
157
164
161
172
193
235
446
38
29
20
20
20
14
14
20
26
0
0
0
0
0
0
0
0
0
0
0
0
0
0
0
0
0
0
0
0
0
1
1
1
24
106
157
125
125
115
112
95
99
100
401
394
354
347
336
333
330
342
321
304
312
328
382
476
578
53
35
30
31
24
30
34
51
0
0
0
0
0
0
0
0
0
0
0
0
0
0
0
0
0
0
0
0
0
18
86
140
122
127
110
88
72
76
76
399
412
360
342
327
333
316
328
315
304
306
324
377
472
569
56
34
29
30
22
31
33
47
0
0
0
0
0
0
0
0
0
0
0
0
0
0
0
0
0
1
1
1
3
30
38
29
31
28
29
24
23
22
40
40
41
39
37
36
34
35
33
38
40
44
44
66
87
3
2
2
2
0
0
0
0
0
0
0
0
0
0
0
0
0
0
0
0
0
0
0
0
0
0
0
0
0
0
0
0
0
0
0
0
0
0
0
0
0
0
0
0
0
0
0
0
0
0
0
0
0
0
0
0
0
0
0
0
0
0
0
0
0
0
0
0
0
0
0
0
0
0
0
0
0
0
0
0
0
0
0
0
0
0
0
0
0
0
0
0
1
2
2
36
83
97
66
57
62
67
68
75
85
115
631
540
447
413
402
346
347
444
370
371
341
333
333
346
346
362
467
832
19
12
7
6
4
5
7
9
10
0
0
0
0
0
0
0
0
0
0
0
0
0
0
0
0
0
0
0
0
0
0
1
2
2
39
87
98
58
48
48
55
54
59
69
87
629
552
455
401
386
340
355
436
367
362
346
334
338
338
336
359
465
865
37
30
25
24
23
20
20
22
34
0
0
0
0
0
0
0
0
0
0
0
0
0
0
0
0
0
0
0
0
0
0
0
0
0
22
84
122
76
65
65
71
66
68
81
97
582
511
426
384
390
317
310
429
319
321
307
304
309
308
305
324
442
798
31
23
16
17
16
14
16
21
26
0
0
0
0
0
0
0
0
0
0
0
0
0
0
0
0
0
0
0
0
0
1
2
2
30
76
97
59
52
53
64
63
69
80
92
602
493
431
361
349
298
317
444
326
321
303
304
294
300
295
305
401
718
23
20
17
17
15
15
17
20
27
0
0
0
0
0
0
0
0
0
0
0
0
0
0
0
0
0
0
0
0
0
0
1
2
2
38
79
106
67
54
57
66
67
73
84
100
584
480
405
364
365
307
308
430
309
309
296
298
298
303
305
327
434
760
34
28
21
21
19
16
18
22
29
0
0
0
0
0
0
0
0
0
0
0
0
0
0
0
0
0
0
0
0
0
0
0
0
0
32
67
87
47
36
36
47
46
57
69
86
635
518
436
375
369
324
347
471
357
347
325
319
313
319
321
353
446
794
16
17
16
17
16
17
19
21
30
0
0
0
0
0
0
0
0
0
0
0
0
0
0
0
0
0
0
0
0
0
0
0
0
0
27
74
63
39
37
39
49
49
59
69
87
652
562
466
403
408
330
337
508
354
350
326
329
330
331
327
350
476
858
27
22
17
18
17
16
18
22
29
0
0
0
0
0
0
0
0
0
0
0
0
0
0
0
0
0
0
0
0
0
0
0
0
0
4
9
10
5
4
4
5
5
6
7
9
73
66
52
44
38
36
39
42
42
40
39
37
39
33
36
40
59
110
10
7
5
5
5
4
4
5
7
0
0
0
0
0
0
0
0
0
0
0
0
0
0
0
0
0
0
0
0
0
0
1
2
2
28
59
96
67
47
46
50
49
53
62
87
620
535
458
430
416
368
380
463
379
374
357
345
341
355
353
369
481
799
55
40
30
35
30
29
27
27
34
0
0
0
0
0
0
0
0
0
0
0
0
0
0
0
0
0
0
0
0
0
0
0
0
0
0
15
18
16
6
2
3
6
6
9
12
19
151
116
90
83
80
72
75
76
76
76
75
72
74
76
74
80
101
200
3
3
3
3
3
3
3
3
5
0
0
0
0
0
0
0
0
0
0
0
0
0
0
0
0
0
0
0
0
0
0
0
0
0
0
0
0
0
0
0
0
0
0
0
0
0
0
0
0
0
0
0
0
0
0
0
0
0
0
0
0
0
0
0
0
0
0
0
0
0
0
0
0
0
0
0
0
0
0
0
0
0
0
0
0
0
0
0
0
0
0
0
0
0
0
0
0
0
0
0
0
0
0
0
0
0
0
0
0
0
0
0
0
0
0
0
0
0
0
0
0
0
0
0
0
0
0
0
0
0
0
0
0
0
0
0
0
0
0
0
0
0
0
0
0
0
0
0
0
0
0
0
0
0
0
0
0
0
0
0
0
0
0
0
0
0
0
0
0
0
0
0
0
0
0
0
0
0
0
0
0
0
0
0
0
0
0
0
0
0
0
0
0
0
0
0
0
0
0
0
0
0
0
0
0
0
0
0
0
0
0
0
0
0
0
0
0
0
0
0
0
0
0
0
0
0
0
0
0
0
0
0
0
0
0
0
0
0
0
0
0
0
0
0
0
0
0
0
0
0
0
425
425
0
0
0
0
0
0
0
0
0
0
0
0
0
0
0
0
0
0
0
0
0
0
0
0
0
0
0
0
0
0
0
0
0
0
0
0
0
0
0
0
0
0
0
0
0
0
16
22
53
96
109
63
68
78
84
80
79
75
72
99
74
86
82
79
77
93
87
79
57
62
82
116
118
52
43
22
0
0
0
0
0
0
0
0
0
0
0
0
0
0
0
0
0
0
0
0
0
0
0
0
0
0
0
16
106
251
323
296
394
228
223
331
373
305
352
324
359
378
264
287
392
355
307
347
334
307
258
284
259
265
363
298
318
181
32
2
0
0
0
0
0
0
0
0
0
0
0
0
0
0
0
0
0
0
0
0
0
0
0
0
2
2
2
2
33
58
46
43
44
46
45
38
40
43
46
49
45
44
44
43
39
53
41
40
41
41
71
98
3
2
2
2
0
0
0
0
0
0
0
0
0
0
0
0
0
0
0
0
0
0
0
0
0
0
0
0
0
0
16
96
136
185
225
307
227
266
285
231
262
249
335
366
395
315
302
292
313
289
266
306
349
298
244
260
297
385
294
224
150
36
2
2
4
4
0
0
0
0
0
0
0
0
0
0
0
0
0
0
0
0
0
0
0
0
0
0
21
88
159
177
205
262
227
260
244
232
221
237
332
404
398
330
318
301
355
346
296
303
310
311
253
264
304
429
281
236
124
51
8
10
14
20
0
0
0
0
0
0
0
0
0
0
0
0
0
0
0
0
0
0
0
0
0
0
0
0
0
0
0
0
0
0
0
0
0
0
0
0
0
0
0
0
0
0
0
0
0
0
0
0
0
0
0
0
0
0
0
0
0
0
0
0
0
0
0
0
0
0
0
0
0
0
0
0
0
0
0
0
0
0
0
0
0
0
0
0
0
0
0
0
0
0
0
0
0
0
0
0
0
0
0
0
0
0
0
0
0
0
0
0
0
0
0
0
0
0
0
0
0
0
0
0
0
0
0
0
0
0
0
0
0
0
0
0
0
0
0
0
0
0
0
0
0
0
0
0
0
0
0
0
0
0
0
0
0
0
0
0
0
0
0
0
0
0
0
0
0
0
0
0
0
0
0
0
0
0
0
0
0
0
0
0
0
0
0
0
0
0
0
0
0
0
0
0
0
0
0
0
0
0
0
0
0
0
0
0
0
0
0
0
0
0
0
0
0
0
0
0
0
0
0
0
0
0
0
0
0
0
0
0
0
0
0
0
0
0
0
0
0
0
0
0
0
0
0
0
0
0
0
0
0
0
0
0
0
0
0
0
0
0
0
0
0
0
0
0
0
0
0
0
0
0
0
0
0
0
0
0
0
0
0
0
0
0
0
0
0
0
0
0
