0
0
0
0
0
0
0
0
0
0
0
0
0
0
0
0
0
0
0
0
0
0
0
0
0
0
0
0
0
0
0
0
0
0
0
0
0
0
0
0
0
0
0
0
0
0
0
0
0
0
0
0
0
0
0
0
0
0
0
0
0
0
0
0
0
0
0
0
0
0
0
0
0
0
0
0
0
0
0
0
0
0
0
0
0
0
0
0
0
0
0
0
0
0
0
0
0
0
0
0
0
0
0
0
0
0
0
0
0
0
0
0
0
0
0
0
0
0
0
0
0
0
0
0
0
0
0
0
0
0
0
0
0
0
0
0
0
0
0
0
0
0
0
0
0
0
0
0
0
0
0
0
0
0
0
0
0
0
0
0
0
0
0
0
0
0
0
0
0
0
0
0
0
0
0
0
0
0
0
0
0
0
0
0
0
0
0
0
0
0
0
0
0
0
0
0
0
0
0
0
0
0
0
0
0
0
0
0
0
0
0
0
0
0
0
0
0
0
0
0
0
0
0
0
0
0
0
0
0
0
0
0
0
0
0
0
0
0
0
0
0
0
0
0
0
0
0
0
0
0
0
0
0
0
0
0
0
0
0
0
0
0
0
0
0
0
0
0
0
0
0
0
0
0
0
0
0
0
0
0
0
0
0
0
0
0
0
0
0
0
0
0
0
0
0
0
0
0
0
0
0
0
0
0
6
9
10
32
67
108
98
114
106
102
96
93
78
60
108
110
52
74
80
61
51
58
78
89
99
157
121
86
69
73
51
36
44
57
64
92
102
94
108
119
106
85
84
69
67
78
85
113
112
85
74
68
62
40
37
54
59
68
78
69
108
132
106
79
55
46
49
64
82
75
63
76
77
80
31
45
49
55
85
110
82
93
157
203
119
101
87
74
91
96
139
188
219
256
293
249
258
254
178
151
147
185
214
221
220
293
295
232
212
161
150
132
126
172
177
152
244
241
176
168
229
195
177
137
132
120
114
127
154
148
106
111
139
188
203
240
242
214
198
246
224
194
234
171
165
140
133
136
126
166
177
190
167
150
159
198
171
169
185
205
224
164
136
140
142
149
141
84
94
121
105
109
104
117
131
198
185
186
164
179
167
158
142
160
180
216
184
181
233
200
190
121
126
171
216
211
238
266
244
213
173
198
166
151
175
155
195
181
158
111
118
163
172
111
88
82
105
82
58
69
77
120
135
195
245
251
107
125
130
76
89
108
164
155
157
102
120
92
79
137
147
135
120
100
122
185
168
122
139
123
106
71
83
88
86
89
89
103
98
98
88
139
171
174
139
136
125
157
144
108
109
113
98
97
104
119
133
117
114
107
104
113
130
135
128
124
151
174
152
130
154
189
155
119
96
88
75
76
78
84
101
122
158
139
124
94
128
140
119
132
139
107
108
130
110
114
115
56
127
147
145
148
129
130
137
149
121
99
107
122
170
126
102
136
133
121
97
122
121
121
112
144
145
82
76
72
98
156
133
130
138
159
199
242
208
198
150
131
151
135
134
127
130
138
153
105
86
89
127
140
149
159
197
183
136
114
68
70
75
96
95
92
125
197
179
131
146
127
88
134
127
104
99
99
109
110
108
144
159
128
135
147
168
152
132
107
110
86
98
98
118
107
104
89
139
120
137
117
150
141
107
131
122
114
113
107
90
79
87
111
93
131
143
175
182
108
83
87
106
106
84
82
85
128
110
86
95
78
109
145
209
176
134
97
150
122
123
82
80
122
154
106
115
134
105
87
50
55
63
117
146
135
146
145
139
156
174
136
58
105
139
183
163
110
104
83
72
134
177
158
158
117
100
132
145
73
69
80
115
143
153
142
124
111
100
90
67
71
103
114
122
133
140
135
159
121
98
138
127
114
127
175
167
190
155
160
132
115
159
164
179
197
134
162
148
113
104
128
123
111
105
140
153
75
78
118
136
113
77
106
112
103
126
131
141
121
132
124
112
121
139
162
158
152
219
193
210
175
160
128
134
151
175
185
176
136
142
164
144
131
112
122
167
200
171
149
131
107
95
128
132
121
124
127
165
176
140
129
113
122
136
199
177
173
171
173
194
143
167
163
121
142
191
199
166
159
149
152
156
97
90
146
147
138
137
172
219
212
193
139
122
140
99
130
82
69
140
173
184
172
153
152
146
162
178
165
121
119
134
153
151
156
158
163
173
246
212
191
189
175
171
176
203
147
134
103
88
112
163
135
99
121
124
169
164
153
112
137
167
192
173
154
95
91
80
96
97
99
117
111
119
140
133
110
164
167
232
248
196
164
174
157
153
133
129
136
114
121
200
221
187
192
122
123
154
129
141
131
123
148
119
138
126
132
140
123
129
133
161
172
200
213
135
143
168
171
186
189
195
162
188
161
125
87
99
126
126
132
129
112
115
111
113
108
147
179
176
195
206
241
132
124
139
140
121
110
97
119
145
170
166
193
180
189
140
174
152
157
112
133
150
130
146
172
161
139
153
167
132
106
137
156
163
157
131
129
128
153
121
151
155
155
162
151
119
95
91
100
103
108
98
124
173
188
151
104
82
129
152
134
137
140
118
145
147
132
130
129
151
141
195
175
102
128
133
145
156
161
151
128
118
134
151
127
118
101
97
144
154
173
214
170
122
126
128
103
102
111
135
145
134
125
130
170
182
167
189
169
153
122
110
116
133
162
186
160
136
149
168
151
141
144
104
114
155
175
140
162
132
131
172
163
155
171
208
194
158
151
174
231
175
113
101
123
130
188
174
115
100
116
130
172
177
186
107
89
128
140
128
121
108
130
171
171
147
186
180
171
177
173
188
177
164
209
209
218
152
145
141
134
120
131
164
171
149
140
132
121
147
193
209
257
263
240
168
122
100
113
104
103
127
162
115
132
124
100
95
98
95
145
142
199
157
118
108
159
134
128
129
129
132
149
122
108
126
125
112
143
120
122
152
151
138
124
140
158
154
166
221
184
151
139
115
97
118
164
152
177
180
146
181
186
163
109
125
136
176
130
117
150
125
146
152
222
245
175
124
110
98
167
173
178
164
164
155
165
146
142
101
96
118
140
142
148
132
186
200
183
119
99
107
126
117
166
170
147
199
181
192
208
208
167
134
110
114
120
113
137
149
126
125
130
120
113
140
154
168
122
110
118
127
129
108
115
163
228
219
214
167
129
129
134
141
120
139
155
192
148
97
80
119
143
129
140
135
204
222
205
188
165
173
174
175
116
166
172
149
139
156
135
143
160
155
196
188
154
122
110
129
98
98
76
104
129
95
136
169
142
108
123
123
129
144
163
174
195
131
121
152
167
186
210
100
82
85
89
88
107
140
152
131
123
138
129
103
106
81
125
137
159
181
177
137
203
225
225
177
159
142
130
132
166
159
156
191
172
126
142
122
121
131
160
189
218
218
152
172
148
129
136
115
131
132
113
107
109
143
144
168
188
127
160
140
101
157
112
121
140
204
238
197
120
126
102
103
123
155
115
178
182
159
159
112
110
115
119
113
153
128
146
127
156
159
115
91
84
98
99
104
112
120
104
140
154
141
132
133
103
127
132
143
145
140
118
160
155
146
117
125
104
77
99
111
156
123
113
116
110
134
190
136
134
136
146
135
91
111
145
94
91
96
107
116
111
144
131
114
114
112
128
134
113
111
129
134
136
119
155
161
112
82
90
129
173
185
104
107
122
130
118
140
120
106
155
184
131
150
172
177
160
143
90
134
115
128
139
129
105
124
123
127
122
126
173
153
153
136
158
120
110
93
77
96
143
146
112
105
99
105
78
87
83
123
149
157
98
107
92
73
75
90
146
203
217
169
149
92
67
69
86
110
134
120
167
182
153
119
105
97
63
115
127
132
113
119
128
107
139
167
118
95
89
93
73
79
83
108
118
119
107
103
113
120
141
124
133
117
101
141
93
80
82
127
127
174
141
126
135
127
76
73
96
90
83
98
124
117
98
90
86
106
118
130
124
135
105
124
88
93
139
113
101
117
140
136
135
158
142
170
141
146
103
113
84
110
97
105
131
135
110
111
115
101
109
146
155
138
100
99
137
78
45
29
30
41
78
102
124
103
70
60
64
65
62
74
102
143
129
111
119
106
88
92
96
76
84
93
68
103
89
81
74
74
98
100
94
116
128
107
132
135
92
105
144
112
29
25
24
26
33
56
124
141
151
114
76
53
59
67
106
105
122
144
81
106
109
87
76
54
53
101
137
129
73
97
102
68
65
91
59
49
81
106
78
90
68
85
115
142
58
63
61
85
96
72
63
58
106
105
95
43
50
100
100
109
102
105
73
83
93
94
91
98
72
77
73
91
82
74
68
73
101
114
110
104
74
76
64
36
67
95
103
136
113
74
40
40
53
70
68
58
97
103
83
93
101
94
60
45
61
71
86
82
81
82
102
113
89
99
131
147
144
108
117
91
90
96
131
121
78
94
99
70
39
67
95
79
87
108
71
68
93
58
57
63
78
86
84
75
72
62
98
131
73
71
58
79
80
117
101
59
62
92
105
80
126
133
90
88
99
96
96
76
76
96
100
76
92
86
69
43
44
78
86
58
78
92
123
131
124
91
63
61
91
125
112
68
76
76
98
92
82
56
62
83
100
68
65
105
93
90
97
59
57
70
57
79
79
62
55
47
59
72
64
63
58
84
84
78
53
56
61
66
91
124
110
84
72
70
72
73
91
84
76
113
130
108
108
105
106
85
124
111
67
63
78
82
109
103
91
93
61
61
56
52
54
48
62
72
75
90
75
57
58
55
65
63
58
67
83
70
53
60
59
51
33
31
35
42
52
99
101
85
63
30
33
34
37
41
46
58
64
96
130
96
49
47
43
65
74
43
34
47
47
59
64
37
43
49
58
56
59
60
89
88
92
73
55
28
28
29
18
18
55
76
81
52
52
52
54
75
78
77
59
69
74
56
56
31
8
5
4
0
0
0
0
0
0
0
0
0
0
0
0
0
0
0
0
0
0
0
0
0
0
0
0
0
0
0
0
0
0
0
0
0
0
0
0
0
0
0
0
0
0
0
0
0
0
0
0
0
0
0
0
0
0
0
0
0
0
0
0
0
0
0
0
0
0
0
0
0
0
0
0
0
0
0
0
0
0
0
0
0
0
0
0
0
0
0
0
0
0
0
0
0
0
0
0
0
0
0
0
0
0
0
0
0
0
0
0
0
0
0
0
0
0
0
0
0
0
0
0
0
0
0
0
0
0
0
0
0
0
0
0
0
0
0
0
0
0
0
0
0
0
0
0
0
0
0
0
0
0
0
0
0
0
0
0
0
0
0
0
0
0
0
0
0
0
0
0
0
0
0
0
0
0
0
0
0
0
0
0
0
0
0
0
0
0
0
0
0
0
0
0
0
0
0
0
0
0
0
0
0
0
0
0
0
0
0
0
0
0
0
0
0
0
0
0
0
0
0
0
0
0
0
0
0
0
0
0
0
0
0
0
0
0
0
0
0
0
0
0
0
0
0
0
0
0
0
0
0
0
0
0
0
0
0
0
0
0
0
0
0
0
0
0
0
0
0
0
0
0
0
0
0
0
0
0
0
0
0
0
0
0
0
0
0
0
0
0
0
0
0
0
0
0
0
0
0
0
0
0
0
0
0
